0.000000 0.000000 0.000000 9.491947 1.899177 -2.509198
0.000000 0.000000 0.000000 -2.834112 -3.272683 9.014286
0.000000 0.000000 0.000000 -3.485175 8.144021 4.639879
0.000000 0.000000 0.000000 -9.789186 -0.527670 1.973170
0.000000 0.000000 0.000000 6.067502 -3.981977 -6.879627
0.000000 0.000000 0.000000 0.032272 7.256931 -6.880110
0.000000 0.000000 0.000000 -3.955811 2.497103 -8.838328
0.000000 0.000000 0.000000 0.237451 -6.805118 7.323523
0.000000 0.000000 0.000000 1.300770 9.706611 2.022300
0.000000 0.000000 0.000000 8.049926 4.228594 4.161452
0.000000 0.000000 0.000000 -0.701926 2.751656 -9.588310
0.000000 0.000000 0.000000 1.808573 2.898785 9.398197
0.000000 0.000000 0.000000 6.752511 -3.193173 6.648853
0.000000 0.000000 0.000000 2.920969 -7.639923 -5.753218
0.000000 0.000000 0.000000 -5.159139 -5.734906 -6.363501
0.000000 0.000000 0.000000 5.349920 -5.593324 -6.331910
0.000000 0.000000 0.000000 3.044626 -8.683422 -3.915155
0.000000 0.000000 0.000000 3.875991 9.204974 0.495129
0.000000 0.000000 0.000000 7.733971 -6.191373 -1.361100
0.000000 0.000000 0.000000 -8.810370 -2.223347 -4.175417
0.000000 0.000000 0.000000 3.441738 -9.118663 2.237058
0.000000 0.000000 0.000000 5.504152 -4.209328 -7.210123
0.000000 0.000000 0.000000 -3.768914 8.277303 -4.157107
0.000000 0.000000 0.000000 7.422815 6.144767 -2.672763
0.000000 0.000000 0.000000 1.376594 9.865751 -0.878600
0.000000 0.000000 0.000000 -7.367475 3.631829 5.703519
0.000000 0.000000 0.000000 3.313650 -7.276083 -6.006524
0.000000 0.000000 0.000000 6.406944 -7.672680 0.284689
0.000000 0.000000 0.000000 9.818332 0.429153 1.848291
0.000000 0.000000 0.000000 -4.199576 -0.284018 -9.070992
0.000000 0.000000 0.000000 -8.480299 4.843364 2.150897
0.000000 0.000000 0.000000 1.311481 7.406637 -6.589518
0.000000 0.000000 0.000000 3.598374 3.373375 -8.698968
0.000000 0.000000 0.000000 -2.304127 3.753893 8.977711
0.000000 0.000000 0.000000 3.411547 -1.279090 9.312641
0.000000 0.000000 0.000000 -3.494053 7.053228 6.167947
0.000000 0.000000 0.000000 -9.140793 -1.084250 -3.907725
0.000000 0.000000 0.000000 -1.727326 -5.680603 -8.046558
0.000000 0.000000 0.000000 -6.087557 7.026018 3.684661
0.000000 0.000000 0.000000 9.772472 -1.751030 -1.196950
0.000000 0.000000 0.000000 6.365210 -1.530381 -7.559235
0.000000 0.000000 0.000000 -0.111977 9.998908 -0.096462
0.000000 0.000000 0.000000 -3.643955 0.063004 -9.312230
0.000000 0.000000 0.000000 -1.804818 5.452096 8.186408
0.000000 0.000000 0.000000 -1.902212 8.550249 -4.824400
0.000000 0.000000 0.000000 9.204125 2.172252 3.250446
0.000000 0.000000 0.000000 -7.154056 -5.885439 -3.765778
0.000000 0.000000 0.000000 -9.990527 -0.168184 0.401360
0.000000 0.000000 0.000000 9.439979 3.164501 0.934206
0.000000 0.000000 0.000000 -1.389844 7.638171 -6.302911
0.000000 0.000000 0.000000 2.879660 -1.871809 9.391693
0.000000 0.000000 0.000000 0.547232 8.331945 5.502656
0.000000 0.000000 0.000000 2.924986 3.765731 8.789979
0.000000 0.000000 0.000000 -6.122047 0.406305 7.896547
0.000000 0.000000 0.000000 9.766607 -0.882960 1.958000
0.000000 0.000000 0.000000 0.267819 5.360702 8.437485
0.000000 0.000000 0.000000 -2.669422 -5.013863 -8.230150
0.000000 0.000000 0.000000 0.579105 -7.917959 -6.080343
0.000000 0.000000 0.000000 0.322499 4.143514 -9.095454
0.000000 0.000000 0.000000 -1.278473 -9.282333 -3.493393
0.000000 0.000000 0.000000 -6.574013 7.198976 -2.226454
0.000000 0.000000 0.000000 -5.993198 -6.570318 -4.573019
0.000000 0.000000 0.000000 -5.034828 -5.605637 6.574750
0.000000 0.000000 0.000000 -9.339801 -2.135478 -2.864933
0.000000 0.000000 0.000000 7.580976 4.830417 -4.381310
0.000000 0.000000 0.000000 5.088112 -8.566326 0.853922
0.000000 0.000000 0.000000 -2.993767 6.281974 -7.181516
0.000000 0.000000 0.000000 3.094116 7.341474 6.043940
0.000000 0.000000 0.000000 5.081833 1.331208 -8.508987
0.000000 0.000000 0.000000 -1.914128 -1.229861 9.737739
0.000000 0.000000 0.000000 -3.687021 -7.533856 5.444895
0.000000 0.000000 0.000000 7.937364 0.830276 -6.025686
0.000000 0.000000 0.000000 -1.477833 -0.112507 -9.889558
0.000000 0.000000 0.000000 1.141619 7.674004 6.309229
0.000000 0.000000 0.000000 -5.572133 -7.199677 4.137147
0.000000 0.000000 0.000000 4.067223 7.904428 4.580143
0.000000 0.000000 0.000000 -3.046283 -7.828481 5.425407
0.000000 0.000000 0.000000 -3.965762 3.420168 -8.519107
0.000000 0.000000 0.000000 8.843065 -3.713143 -2.830685
0.000000 0.000000 0.000000 4.156708 4.868177 -7.682619
0.000000 0.000000 0.000000 -3.722490 5.779743 7.262069
0.000000 0.000000 0.000000 7.330597 6.338878 2.465963
0.000000 0.000000 0.000000 8.376780 -4.288515 -3.382040
0.000000 0.000000 0.000000 3.500518 -3.399096 -8.728833
0.000000 0.000000 0.000000 -0.461766 9.246388 -3.780354
0.000000 0.000000 0.000000 -5.020882 -7.909892 -3.496334
0.000000 0.000000 0.000000 3.641454 -8.102605 4.592124
0.000000 0.000000 0.000000 -9.041618 -3.268076 2.751149
0.000000 0.000000 0.000000 -6.217177 -1.171849 7.744255
0.000000 0.000000 0.000000 0.510921 9.971467 -0.555701
0.000000 0.000000 0.000000 5.410630 3.583527 -7.608115
0.000000 0.000000 0.000000 7.223377 -5.443665 4.264896
0.000000 0.000000 0.000000 6.915751 -4.996885 5.215701
0.000000 0.000000 0.000000 -6.651604 -7.365745 1.225544
0.000000 0.000000 0.000000 -4.459860 7.123227 5.419344
0.000000 0.000000 0.000000 -5.837152 8.118637 -0.124088
0.000000 0.000000 0.000000 -1.503453 -9.875876 0.454657
0.000000 0.000000 0.000000 7.897858 -5.960178 -1.449180
0.000000 0.000000 0.000000 2.388352 -2.050603 -9.491617
0.000000 0.000000 0.000000 1.157909 -6.095867 -7.842171
